


   t (Gyr) =  0.001
-----------------------------------------------------------------------------------------
    M/MsTeff(K)    L/Ls  lg(g)  R(Gcm       D      Li           J           H           K
-----------------------------------------------------------------------------------------
  0.0100  2345.   -2.70   3.57  18.99  1.0000  1.0000       9.328       8.770       8.353
  0.0150  2504.   -2.42   3.58  22.90  1.0000  1.0000       8.667       8.135       7.751
  0.0200  2598.   -2.25   3.59  26.11  1.0000  1.0000       8.238       7.710       7.347
  0.0300  2710.   -1.98   3.57  32.78  1.0000  1.0000       7.582       7.054       6.720
  0.0400  2779.   -1.81   3.57  37.62  0.9900  1.0000       7.188       6.652       6.338
  0.0500  2824.   -1.65   3.53  44.05  0.9750  1.0000       6.786       6.245       5.945
  0.0600  2864.   -1.53   3.52  49.25  0.9300  1.0000       6.494       5.946       5.660
  0.0700  2897.   -1.41   3.49  54.82  0.8650  1.0000       6.220       5.666       5.393
  0.0720  2896.   -1.39   3.48  56.30  0.8700  1.0000       6.163       5.608       5.335
  0.0750  2897.   -1.36   3.47  58.18  0.8650  1.0000       6.089       5.532       5.262
  0.0800  2898.   -1.31   3.45  61.53  0.8650  1.0000       5.966       5.407       5.138
  0.0900  2908.   -1.23   3.42  67.28  0.8050  1.0000       5.759       5.193       4.930
  0.1000  2936.   -1.17   3.43  70.29  0.4090  1.0000       5.631       5.052       4.797
  0.2000  3226.   -0.66   3.38 105.41  0.0083  1.0000       4.464       3.737       3.532
  0.3000  3428.   -0.48   3.48 114.74  0.0000  1.0000       4.107       3.312       3.118
  0.4000  3634.   -0.32   3.54 123.01  0.0000  1.0000       3.806       2.964       2.775
  0.5000  3802.   -0.18   3.59 131.20  0.0000  1.0000       3.534       2.694       2.516
  0.6000  3955.   -0.07   3.62 138.26  0.0000  1.0000       3.299       2.489       2.322
  0.7000  4078.    0.04   3.63 147.06  0.0000  1.0000       3.064       2.290       2.133
  0.8000  4192.    0.13   3.65 154.36  0.0000  1.0000       2.870       2.134       1.986
  0.9000  4290.    0.21   3.66 162.02  0.0000  1.0000       2.690       1.989       1.849
  1.0000  4377.    0.28   3.66 169.51  0.0000  1.0000       2.526       1.856       1.722
  1.1000  4456.    0.35   3.67 176.77  0.0000  1.0000       2.378       1.735       1.607
  1.2000  4529.    0.41   3.68 183.22  0.0000  0.9990       2.250       1.631       1.508
  1.3000  4596.    0.47   3.68 190.09  0.0000  0.9980       2.124       1.528       1.408
  1.4000  4658.    0.52   3.68 196.23  0.0000  0.9980       2.014       1.439       1.322
-----------------------------------------------------------------------------------------



   t (Gyr) =  0.002
-----------------------------------------------------------------------------------------
    M/MsTeff(K)    L/Ls  lg(g)  R(Gcm       D      Li           J           H           K
-----------------------------------------------------------------------------------------
  0.0100  2236.   -2.96   3.75  15.44  1.0000  1.0000       9.998       9.402       8.963
  0.0150  2452.   -2.65   3.77  18.40  1.0000  1.0000       9.228       8.683       8.293
  0.0200  2571.   -2.46   3.78  20.93  1.0000  1.0000       8.763       8.225       7.860
  0.0300  2707.   -2.14   3.73  27.12  0.9250  1.0000       8.003       7.470       7.134
  0.0400  2784.   -1.90   3.67  33.72  0.7800  1.0000       7.422       6.884       6.569
  0.0500  2829.   -1.72   3.61  40.29  0.6800  1.0000       6.976       6.433       6.133
  0.0600  2867.   -1.58   3.57  46.40  0.5600  1.0000       6.621       6.072       5.786
  0.0700  2902.   -1.45   3.53  52.13  0.4465  1.0000       6.325       5.770       5.497
  0.0720  2907.   -1.43   3.53  53.36  0.4440  1.0000       6.268       5.711       5.439
  0.0750  2914.   -1.40   3.52  55.10  0.4240  1.0000       6.190       5.631       5.361
  0.0800  2924.   -1.35   3.50  58.05  0.4035  1.0000       6.063       5.500       5.234
  0.0900  2934.   -1.26   3.47  63.42  0.3230  1.0000       5.858       5.287       5.026
  0.1000  2972.   -1.26   3.53  62.41  0.0297  1.0000       5.848       5.267       5.013
  0.2000  3202.   -0.96   3.67  75.56  0.0000  1.0000       5.207       4.543       4.319
  0.3000  3428.   -0.72   3.72  86.84  0.0000  1.0000       4.711       3.966       3.758
  0.4000  3606.   -0.55   3.76  95.62  0.0000  1.0000       4.365       3.570       3.372
  0.5000  3763.   -0.41   3.79 103.55  0.0000  1.0000       4.069       3.260       3.076
  0.6000  3906.   -0.29   3.82 109.60  0.0000  1.0000       3.836       3.033       2.862
  0.7000  4033.   -0.18   3.84 116.38  0.0000  0.9990       3.605       2.825       2.664
  0.8000  4153.   -0.09   3.85 122.64  0.0000  0.9960       3.394       2.648       2.498
  0.9000  4259.   -0.00   3.86 128.60  0.0000  0.9860       3.212       2.499       2.358
  1.0000  4350.    0.07   3.87 134.50  0.0000  0.9730       3.046       2.366       2.231
  1.1000  4432.    0.14   3.87 139.92  0.0000  0.9690       2.901       2.248       2.119
  1.2000  4508.    0.20   3.88 145.37  0.0000  0.9720       2.764       2.137       2.013
  1.3000  4581.    0.26   3.88 150.71  0.0000  0.9770       2.635       2.033       1.913
  1.4000  4653.    0.32   3.88 155.74  0.0000  0.9830       2.516       1.937       1.821
-----------------------------------------------------------------------------------------



   t (Gyr) =  0.003
-----------------------------------------------------------------------------------------
    M/MsTeff(K)    L/Ls  lg(g)  R(Gcm       D      Li           J           H           K
-----------------------------------------------------------------------------------------
  0.0100  2142.   -3.13   3.84  13.87  1.0000  1.0000      10.433       9.793       9.333
  0.0150  2406.   -2.79   3.88  16.29  0.9950  1.0000       9.568       9.014       8.619
  0.0200  2545.   -2.57   3.88  18.72  0.9650  1.0000       9.043       8.500       8.132
  0.0300  2706.   -2.17   3.76  26.17  0.7300  1.0000       8.083       7.548       7.212
  0.0400  2784.   -1.92   3.69  32.99  0.5450  1.0000       7.470       6.931       6.616
  0.0500  2831.   -1.74   3.64  39.19  0.4130  1.0000       7.035       6.491       6.191
  0.0600  2870.   -1.61   3.60  44.46  0.2500  1.0000       6.712       6.163       5.876
  0.0700  2906.   -1.51   3.59  48.78  0.1180  1.0000       6.466       5.911       5.636
  0.0720  2911.   -1.49   3.59  49.79  0.1100  1.0000       6.415       5.858       5.585
  0.0750  2919.   -1.46   3.58  50.98  0.0860  1.0000       6.354       5.794       5.523
  0.0800  2931.   -1.42   3.57  53.17  0.0635  1.0000       6.247       5.682       5.415
  0.0900  2956.   -1.36   3.59  55.67  0.0124  1.0000       6.117       5.544       5.283
  0.1000  2998.   -1.44   3.73  49.80  0.0000  1.0000       6.311       5.730       5.474
  0.2000  3196.   -1.10   3.81  64.29  0.0000  1.0000       5.567       4.923       4.690
  0.3000  3404.   -0.86   3.85  74.82  0.0000  1.0000       5.053       4.343       4.126
  0.4000  3582.   -0.68   3.88  83.22  0.0000  1.0000       4.680       3.916       3.712
  0.5000  3731.   -0.54   3.91  90.61  0.0000  1.0000       4.380       3.591       3.402
  0.6000  3868.   -0.42   3.93  96.38  0.0000  0.9960       4.140       3.347       3.172
  0.7000  3998.   -0.31   3.95 102.29  0.0000  0.9780       3.911       3.128       2.964
  0.8000  4120.   -0.21   3.96 107.70  0.0000  0.9180       3.699       2.944       2.792
  0.9000  4232.   -0.13   3.97 112.52  0.0000  0.8730       3.520       2.798       2.655
  1.0000  4330.   -0.05   3.98 117.42  0.0000  0.8750       3.355       2.666       2.530
  1.1000  4421.    0.02   3.99 122.57  0.0000  0.8990       3.195       2.538       2.409
  1.2000  4505.    0.09   3.99 127.45  0.0000  0.9250       3.050       2.422       2.298
  1.3000  4588.    0.15   3.99 132.37  0.0000  0.9470       2.911       2.310       2.191
  1.4000  4671.    0.22   3.99 137.96  0.0000  0.9650       2.766       2.192       2.077
-----------------------------------------------------------------------------------------



   t (Gyr) =  0.004
-----------------------------------------------------------------------------------------
    M/MsTeff(K)    L/Ls  lg(g)  R(Gcm       D      Li           J           H           K
-----------------------------------------------------------------------------------------
  0.0100  2053.   -3.27   3.90  12.92  1.0000  1.0000      10.847      10.123       9.625
  0.0150  2362.   -2.89   3.94  15.05  0.9800  1.0000       9.796       9.230       8.832
  0.0200  2535.   -2.61   3.91  18.02  0.8800  1.0000       9.142       8.598       8.228
  0.0300  2705.   -2.19   3.78  25.78  0.5700  1.0000       8.116       7.581       7.245
  0.0400  2785.   -1.95   3.71  32.08  0.3230  1.0000       7.531       6.992       6.676
  0.0500  2834.   -1.78   3.67  37.47  0.1690  1.0000       7.129       6.585       6.285
  0.0600  2875.   -1.68   3.68  40.82  0.0330  1.0000       6.893       6.344       6.056
  0.0700  2914.   -1.64   3.73  41.74  0.0002  1.0000       6.798       6.241       5.964
  0.0720  2921.   -1.63   3.73  42.18  0.0001  1.0000       6.767       6.209       5.932
  0.0750  2931.   -1.61   3.74  42.50  0.0000  1.0000       6.739       6.178       5.904
  0.0800  2946.   -1.58   3.74  43.86  0.0000  1.0000       6.652       6.086       5.816
  0.0900  2976.   -1.53   3.76  45.38  0.0000  1.0000       6.541       5.967       5.704
  0.1000  3013.   -1.55   3.85  43.06  0.0000  1.0000       6.616       6.037       5.777
  0.2000  3206.   -1.19   3.90  57.68  0.0000  1.0000       5.796       5.161       4.924
  0.3000  3389.   -0.95   3.93  67.99  0.0000  1.0000       5.275       4.587       4.364
  0.4000  3560.   -0.78   3.97  75.61  0.0000  1.0000       4.904       4.164       3.954
  0.5000  3704.   -0.63   3.99  82.32  0.0000  0.9950       4.606       3.834       3.640
  0.6000  3842.   -0.51   4.01  88.28  0.0000  0.9660       4.347       3.565       3.386
  0.7000  3976.   -0.40   4.03  93.55  0.0000  0.8360       4.121       3.341       3.176
  0.8000  4096.   -0.30   4.04  98.25  0.0000  0.7120       3.914       3.158       3.003
  0.9000  4212.   -0.22   4.05 102.74  0.0000  0.7180       3.730       3.005       2.860
  1.0000  4315.   -0.14   4.06 107.10  0.0000  0.7610       3.564       2.871       2.734
  1.1000  4417.   -0.06   4.06 112.28  0.0000  0.8260       3.387       2.729       2.599
  1.2000  4513.    0.02   4.06 117.08  0.0000  0.8790       3.228       2.602       2.479
  1.3000  4609.    0.09   4.06 122.08  0.0000  0.9220       3.071       2.477       2.359
  1.4000  4710.    0.16   4.06 127.35  0.0000  0.9520       2.914       2.352       2.239
-----------------------------------------------------------------------------------------



   t (Gyr) =  0.005
-----------------------------------------------------------------------------------------
    M/MsTeff(K)    L/Ls  lg(g)  R(Gcm       D      Li           J           H           K
-----------------------------------------------------------------------------------------
  0.0100  1961.   -3.39   3.94  12.33  1.0000  1.0000      11.244      10.425       9.866
  0.0150  2330.   -2.96   3.99  14.34  0.9550  1.0000       9.967       9.391       8.986
  0.0200  2531.   -2.62   3.92  17.81  0.8050  1.0000       9.173       8.627       8.258
  0.0300  2705.   -2.20   3.79  25.36  0.4245  1.0000       8.153       7.618       7.281
  0.0400  2785.   -1.98   3.75  30.86  0.1485  1.0000       7.615       7.076       6.760
  0.0500  2841.   -1.85   3.75  34.31  0.0167  1.0000       7.315       6.769       6.469
  0.0600  2890.   -1.81   3.82  34.80  0.0000  1.0000       7.226       6.675       6.387
  0.0700  2928.   -1.76   3.86  35.83  0.0000  1.0000       7.117       6.558       6.279
  0.0720  2934.   -1.75   3.86  36.34  0.0000  1.0000       7.079       6.519       6.241
  0.0750  2944.   -1.73   3.87  36.81  0.0000  1.0000       7.039       6.477       6.201
  0.0800  2959.   -1.69   3.87  37.98  0.0000  1.0000       6.952       6.386       6.114
  0.0900  2992.   -1.64   3.88  39.69  0.0000  1.0000       6.816       6.244       5.980
  0.1000  3027.   -1.63   3.94  38.90  0.0000  1.0000       6.827       6.250       5.987
  0.2000  3220.   -1.26   3.97  53.15  0.0000  1.0000       5.962       5.332       5.093
  0.3000  3379.   -1.02   4.00  63.09  0.0000  1.0000       5.447       4.776       4.547
  0.4000  3546.   -0.84   4.03  70.57  0.0000  0.9980       5.064       4.340       4.126
  0.5000  3696.   -0.70   4.05  76.80  0.0000  0.9750       4.761       4.001       3.805
  0.6000  3830.   -0.57   4.07  82.27  0.0000  0.8340       4.508       3.737       3.554
  0.7000  3960.   -0.47   4.09  87.18  0.0000  0.5470       4.285       3.513       3.344
  0.8000  4081.   -0.37   4.10  91.64  0.0000  0.5170       4.077       3.323       3.166
  0.9000  4198.   -0.28   4.11  95.80  0.0000  0.5670       3.891       3.164       3.018
  1.0000  4310.   -0.20   4.12 100.27  0.0000  0.6580       3.710       3.017       2.879
  1.1000  4422.   -0.12   4.12 104.77  0.0000  0.7550       3.533       2.877       2.748
  1.2000  4531.   -0.03   4.12 110.04  0.0000  0.8420       3.349       2.729       2.607
  1.3000  4644.    0.05   4.11 115.24  0.0000  0.9040       3.173       2.590       2.474
  1.4000  4771.    0.14   4.11 120.59  0.0000  0.9440       2.994       2.450       2.341
-----------------------------------------------------------------------------------------



   t (Gyr) =  0.006
-----------------------------------------------------------------------------------------
    M/MsTeff(K)    L/Ls  lg(g)  R(Gcm       D      Li           J           H           K
-----------------------------------------------------------------------------------------
  0.0100  1869.   -3.50   3.97  11.89  1.0000  1.0000      11.705      10.731      10.102
  0.0150  2310.   -2.99   4.01  13.95  0.9200  1.0000      10.078       9.495       9.085
  0.0200  2529.   -2.63   3.93  17.67  0.7150  1.0000       9.193       8.648       8.278
  0.0300  2704.   -2.22   3.81  24.79  0.2765  1.0000       8.205       7.669       7.332
  0.0400  2785.   -2.04   3.81  28.77  0.0255  1.0000       7.769       7.228       6.912
  0.0500  2847.   -1.97   3.87  29.82  0.0000  1.0000       7.616       7.069       6.767
  0.0600  2901.   -1.91   3.92  30.78  0.0000  1.0000       7.483       6.931       6.642
  0.0700  2942.   -1.85   3.95  32.19  0.0000  1.0000       7.335       6.776       6.496
  0.0720  2948.   -1.83   3.95  32.65  0.0000  1.0000       7.295       6.735       6.457
  0.0750  2959.   -1.81   3.95  33.26  0.0000  1.0000       7.243       6.681       6.405
  0.0800  2974.   -1.77   3.95  34.33  0.0000  1.0000       7.155       6.590       6.317
  0.0900  3006.   -1.72   3.97  35.88  0.0000  1.0000       7.022       6.451       6.185
  0.1000  3039.   -1.70   4.01  35.92  0.0000  1.0000       6.992       6.415       6.151
  0.2000  3227.   -1.31   4.03  49.52  0.0000  1.0000       6.110       5.485       5.244
  0.3000  3371.   -1.08   4.06  59.15  0.0000  1.0000       5.594       4.930       4.700
  0.4000  3534.   -0.90   4.08  66.22  0.0000  0.9910       5.212       4.501       4.283
  0.5000  3688.   -0.75   4.10  72.61  0.0000  0.9110       4.889       4.139       3.939
  0.6000  3819.   -0.63   4.12  77.73  0.0000  0.5130       4.639       3.877       3.691
  0.7000  3945.   -0.52   4.14  82.26  0.0000  0.3150       4.421       3.656       3.484
  0.8000  4067.   -0.43   4.15  86.40  0.0000  0.3570       4.215       3.464       3.305
  0.9000  4190.   -0.33   4.16  90.97  0.0000  0.4530       4.008       3.282       3.135
  1.0000  4310.   -0.24   4.16  95.27  0.0000  0.5720       3.820       3.128       2.990
  1.1000  4434.   -0.15   4.17  99.71  0.0000  0.7010       3.631       2.979       2.851
  1.2000  4561.   -0.06   4.16 104.66  0.0000  0.8140       3.437       2.827       2.707
  1.3000  4695.    0.03   4.15 110.20  0.0000  0.8920       3.236       2.669       2.556
  1.4000  4849.    0.14   4.14 116.27  0.0000  0.9400       3.026       2.504       2.399
-----------------------------------------------------------------------------------------



   t (Gyr) =  0.007
-----------------------------------------------------------------------------------------
    M/MsTeff(K)    L/Ls  lg(g)  R(Gcm       D      Li           J           H           K
-----------------------------------------------------------------------------------------
  0.0100  1811.   -3.58   4.00  11.54  1.0000  1.0000      11.960      10.920      10.256
  0.0150  2292.   -3.03   4.03  13.66  0.8750  1.0000      10.154       9.569       9.157
  0.0200  2527.   -2.64   3.94  17.55  0.6350  1.0000       9.212       8.666       8.296
  0.0300  2702.   -2.25   3.84  24.08  0.1570  1.0000       8.270       7.733       7.396
  0.0400  2785.   -2.14   3.91  25.67  0.0001  1.0000       8.020       7.477       7.159
  0.0500  2850.   -2.06   3.96  26.84  0.0000  1.0000       7.844       7.296       6.993
  0.0600  2905.   -1.99   4.00  28.13  0.0000  1.0000       7.675       7.123       6.832
  0.0700  2948.   -1.91   4.02  29.72  0.0000  1.0000       7.503       6.943       6.662
  0.0720  2956.   -1.90   4.02  30.14  0.0000  1.0000       7.463       6.902       6.623
  0.0750  2967.   -1.87   4.02  30.69  0.0000  1.0000       7.409       6.847       6.570
  0.0800  2984.   -1.84   4.02  31.68  0.0000  1.0000       7.319       6.754       6.481
  0.0900  3014.   -1.78   4.03  33.31  0.0000  1.0000       7.179       6.608       6.341
  0.1000  3041.   -1.76   4.07  33.53  0.0000  1.0000       7.141       6.564       6.298
  0.2000  3230.   -1.36   4.08  46.90  0.0000  1.0000       6.227       5.603       5.361
  0.3000  3367.   -1.13   4.10  56.35  0.0000  0.9990       5.704       5.045       4.813
  0.4000  3525.   -0.95   4.12  63.15  0.0000  0.9720       5.323       4.621       4.400
  0.5000  3679.   -0.80   4.14  69.12  0.0000  0.7440       5.003       4.264       4.060
  0.6000  3809.   -0.68   4.16  74.05  0.0000  0.2040       4.752       3.997       3.809
  0.7000  3933.   -0.57   4.18  78.41  0.0000  0.1860       4.534       3.774       3.600
  0.8000  4057.   -0.47   4.19  82.79  0.0000  0.2540       4.315       3.566       3.406
  0.9000  4185.   -0.38   4.20  86.67  0.0000  0.3510       4.116       3.392       3.244
  1.0000  4316.   -0.28   4.20  91.28  0.0000  0.5020       3.908       3.218       3.081
  1.1000  4454.   -0.18   4.20  95.75  0.0000  0.6600       3.704       3.059       2.932
  1.2000  4599.   -0.08   4.19 100.90  0.0000  0.7960       3.491       2.892       2.774
  1.3000  4758.    0.03   4.18 106.85  0.0000  0.8860       3.264       2.716       2.606
  1.4000  4948.    0.15   4.16 113.65  0.0000  0.9380       3.016       2.522       2.422
-----------------------------------------------------------------------------------------



   t (Gyr) =  0.008
-----------------------------------------------------------------------------------------
    M/MsTeff(K)    L/Ls  lg(g)  R(Gcm       D      Li           J           H           K
-----------------------------------------------------------------------------------------
  0.0100  1714.   -3.70   4.02  11.31  1.0000  1.0000      12.613      11.266      10.446
  0.0150  2280.   -3.05   4.04  13.49  0.8300  1.0000      10.196       9.608       9.196
  0.0200  2525.   -2.65   3.94  17.42  0.5600  1.0000       9.230       8.684       8.314
  0.0300  2699.   -2.29   3.87  23.05  0.0590  1.0000       8.370       7.832       7.495
  0.0400  2784.   -2.22   3.99  23.35  0.0000  1.0000       8.230       7.686       7.366
  0.0500  2849.   -2.13   4.03  24.80  0.0000  1.0000       8.019       7.470       7.165
  0.0600  2903.   -2.05   4.06  26.27  0.0000  1.0000       7.827       7.275       6.982
  0.0700  2948.   -1.97   4.08  27.75  0.0000  1.0000       7.655       7.095       6.813
  0.0720  2956.   -1.96   4.08  28.14  0.0000  1.0000       7.614       7.054       6.773
  0.0750  2968.   -1.93   4.08  28.80  0.0000  1.0000       7.549       6.986       6.709
  0.0800  2986.   -1.89   4.08  29.72  0.0000  1.0000       7.458       6.893       6.619
  0.0900  3017.   -1.83   4.09  31.24  0.0000  1.0000       7.318       6.746       6.477
  0.1000  3045.   -1.80   4.12  31.79  0.0000  1.0000       7.255       6.678       6.411
  0.2000  3234.   -1.40   4.12  44.67  0.0000  1.0000       6.330       5.708       5.465
  0.3000  3364.   -1.17   4.14  53.67  0.0000  0.9960       5.812       5.159       4.925
  0.4000  3518.   -0.99   4.16  60.60  0.0000  0.9260       5.419       4.724       4.501
  0.5000  3669.   -0.84   4.18  66.24  0.0000  0.4490       5.103       4.373       4.167
  0.6000  3798.   -0.72   4.20  70.82  0.0000  0.0871       4.856       4.110       3.918
  0.7000  3923.   -0.61   4.22  75.13  0.0000  0.1040       4.634       3.880       3.703
  0.8000  4049.   -0.51   4.23  79.45  0.0000  0.1730       4.410       3.664       3.503
  0.9000  4184.   -0.41   4.23  83.59  0.0000  0.2820       4.195       3.472       3.324
  1.0000  4327.   -0.30   4.23  88.11  0.0000  0.4480       3.976       3.290       3.154
  1.1000  4481.   -0.20   4.23  92.68  0.0000  0.6300       3.756       3.119       2.995
  1.2000  4647.   -0.09   4.22  98.10  0.0000  0.7850       3.520       2.937       2.822
  1.3000  4837.    0.04   4.20 104.42  0.0000  0.8820       3.266       2.740       2.635
  1.4000  5064.    0.18   4.17 112.40  0.0000  0.9380       2.974       2.511       2.415
-----------------------------------------------------------------------------------------



   t (Gyr) =  0.009
-----------------------------------------------------------------------------------------
    M/MsTeff(K)    L/Ls  lg(g)  R(Gcm       D      Li           J           H           K
-----------------------------------------------------------------------------------------
  0.0100  1635.   -3.79   4.03  11.13  1.0000  1.0000      13.044      11.700      10.735
  0.0150  2268.   -3.06   4.05  13.35  0.7700  1.0000      10.235       9.643       9.232
  0.0200  2522.   -2.65   3.95  17.30  0.4915  1.0000       9.249       8.702       8.332
  0.0300  2693.   -2.35   3.93  21.54  0.0072  1.0000       8.527       7.987       7.648
  0.0400  2777.   -2.29   4.05  21.70  0.0000  1.0000       8.398       7.854       7.532
  0.0500  2846.   -2.19   4.09  23.28  0.0000  1.0000       8.160       7.611       7.305
  0.0600  2901.   -2.10   4.11  24.79  0.0000  1.0000       7.957       7.403       7.110
  0.0700  2947.   -2.02   4.13  26.32  0.0000  1.0000       7.772       7.212       6.928
  0.0720  2955.   -2.00   4.13  26.69  0.0000  1.0000       7.731       7.170       6.889
  0.0750  2968.   -1.98   4.13  27.17  0.0000  1.0000       7.678       7.115       6.836
  0.0800  2987.   -1.94   4.13  28.18  0.0000  1.0000       7.574       7.009       6.734
  0.0900  3019.   -1.87   4.13  29.77  0.0000  1.0000       7.422       6.850       6.580
  0.1000  3048.   -1.84   4.16  30.29  0.0000  1.0000       7.358       6.780       6.513
  0.2000  3237.   -1.44   4.16  42.78  0.0000  1.0000       6.422       5.801       5.557
  0.3000  3363.   -1.21   4.17  51.67  0.0000  0.9900       5.896       5.246       5.011
  0.4000  3512.   -1.02   4.19  58.39  0.0000  0.8300       5.504       4.816       4.592
  0.5000  3659.   -0.88   4.21  63.80  0.0000  0.1490       5.192       4.469       4.261
  0.6000  3789.   -0.76   4.23  68.24  0.0000  0.0417       4.944       4.204       4.010
  0.7000  3916.   -0.64   4.24  72.75  0.0000  0.0624       4.708       3.959       3.781
  0.8000  4044.   -0.54   4.26  76.78  0.0000  0.1190       4.488       3.745       3.582
  0.9000  4185.   -0.43   4.26  81.14  0.0000  0.2350       4.258       3.536       3.388
  1.0000  4344.   -0.32   4.26  85.31  0.0000  0.4090       4.033       3.353       3.218
  1.1000  4513.   -0.21   4.25  90.30  0.0000  0.6120       3.790       3.164       3.041
  1.2000  4702.   -0.08   4.24  96.06  0.0000  0.7780       3.530       2.964       2.852
  1.3000  4927.    0.06   4.21 103.00  0.0000  0.8810       3.242       2.741       2.640
  1.4000  5201.    0.23   4.17 112.42  0.0000  0.9380       2.901       2.470       2.380
-----------------------------------------------------------------------------------------



   t (Gyr) =  0.010
-----------------------------------------------------------------------------------------
    M/MsTeff(K)    L/Ls  lg(g)  R(Gcm       D      Li           J           H           K
-----------------------------------------------------------------------------------------
  0.0100  1570.   -3.87   4.04  10.96  1.0000  1.0000      13.340      11.987      10.954
  0.0150  2261.   -3.08   4.05  13.26  0.7250  1.0000      10.259       9.665       9.254
  0.0200  2519.   -2.67   3.96  17.14  0.4130  1.0000       9.275       8.728       8.357
  0.0300  2682.   -2.43   4.01  19.83  0.0001  1.0000       8.724       8.181       7.840
  0.0400  2768.   -2.35   4.10  20.49  0.0000  1.0000       8.532       7.986       7.664
  0.0500  2843.   -2.23   4.13  22.09  0.0000  1.0000       8.277       7.729       7.422
  0.0600  2900.   -2.15   4.16  23.52  0.0000  1.0000       8.074       7.520       7.226
  0.0700  2946.   -2.06   4.17  25.11  0.0000  1.0000       7.877       7.317       7.032
  0.0720  2954.   -2.04   4.17  25.46  0.0000  1.0000       7.837       7.276       6.993
  0.0750  2967.   -2.02   4.17  25.92  0.0000  1.0000       7.783       7.220       6.940
  0.0800  2987.   -1.98   4.17  26.87  0.0000  1.0000       7.680       7.114       6.838
  0.0900  3021.   -1.91   4.17  28.38  0.0000  1.0000       7.526       6.954       6.683
  0.1000  3050.   -1.87   4.19  29.18  0.0000  1.0000       7.438       6.860       6.592
  0.2000  3240.   -1.47   4.19  41.20  0.0000  1.0000       6.502       5.883       5.638
  0.3000  3363.   -1.23   4.20  50.02  0.0000  0.9790       5.967       5.319       5.084
  0.4000  3508.   -1.05   4.22  56.48  0.0000  0.6630       5.581       4.898       4.672
  0.5000  3651.   -0.91   4.24  61.70  0.0000  0.0237       5.271       4.556       4.345
  0.6000  3781.   -0.79   4.26  66.09  0.0000  0.0202       5.019       4.285       4.090
  0.7000  3908.   -0.67   4.27  70.47  0.0000  0.0357       4.783       4.037       3.857
  0.8000  4041.   -0.57   4.28  74.67  0.0000  0.0861       4.550       3.809       3.646
  0.9000  4191.   -0.46   4.29  78.61  0.0000  0.1910       4.322       3.603       3.455
  1.0000  4363.   -0.34   4.28  83.38  0.0000  0.3830       4.070       3.395       3.262
  1.1000  4553.   -0.21   4.27  88.29  0.0000  0.5970       3.811       3.198       3.077
  1.2000  4768.   -0.07   4.25  94.49  0.0000  0.7740       3.524       2.979       2.869
  1.3000  5038.    0.09   4.22 102.32  0.0000  0.8800       3.192       2.722       2.625
  1.4000  5363.    0.29   4.16 113.92  0.0000  0.9380       2.790       2.396       2.311
-----------------------------------------------------------------------------------------



   t (Gyr) =  0.020
-----------------------------------------------------------------------------------------
    M/MsTeff(K)    L/Ls  lg(g)  R(Gcm       D      Li           J           H           K
-----------------------------------------------------------------------------------------
  0.0100  1395.   -4.15   4.11  10.15  0.9950  1.0000      13.719      12.375      11.558
  0.0150  2209.   -3.15   4.09  12.70  0.3920  1.0000      10.488       9.868       9.437
  0.0200  2411.   -2.92   4.14  13.90  0.0010  1.0000       9.885       9.333       8.953
  0.0300  2555.   -2.84   4.33  13.64  0.0000  1.0000       9.704       9.155       8.804
  0.0400  2681.   -2.68   4.38  14.94  0.0000  1.0000       9.312       8.758       8.427
  0.0500  2811.   -2.52   4.40  16.32  0.0000  1.0000       8.969       8.423       8.111
  0.0600  2883.   -2.41   4.41  17.63  0.0000  1.0000       8.724       8.168       7.867
  0.0700  2940.   -2.31   4.41  19.00  0.0000  1.0000       8.499       7.938       7.646
  0.0720  2950.   -2.29   4.41  19.26  0.0000  1.0000       8.458       7.896       7.606
  0.0750  2964.   -2.27   4.41  19.60  0.0000  1.0000       8.403       7.840       7.552
  0.0800  2986.   -2.22   4.41  20.32  0.0000  1.0000       8.298       7.734       7.450
  0.0900  3025.   -2.15   4.41  21.45  0.0000  1.0000       8.140       7.569       7.292
  0.1000  3059.   -2.10   4.42  22.40  0.0000  1.0000       8.010       7.434       7.162
  0.2000  3263.   -1.67   4.41  32.27  0.0000  0.8520       7.015       6.404       6.156
  0.3000  3392.   -1.42   4.40  39.62  0.0000  0.0061       6.448       5.812       5.574
  0.4000  3500.   -1.25   4.42  45.08  0.0000  0.0000       6.079       5.425       5.192
  0.5000  3609.   -1.11   4.43  49.81  0.0000  0.0000       5.770       5.096       4.872
  0.6000  3733.   -0.98   4.43  54.09  0.0000  0.0000       5.489       4.794       4.584
  0.7000  3894.   -0.85   4.44  58.17  0.0000  0.0004       5.207       4.488       4.301
  0.8000  4102.   -0.69   4.43  62.75  0.0000  0.0095       4.872       4.151       3.993
  0.9000  4406.   -0.50   4.42  67.75  0.0000  0.0894       4.487       3.826       3.696
  1.0000  4793.   -0.28   4.38  74.18  0.0000  0.3080       4.033       3.494       3.387
  1.1000  5302.    0.01   4.32  84.06  0.0000  0.5750       3.480       3.071       2.984
  1.2000  5911.    0.35   4.20 100.35  0.0000  0.7700       2.822       2.531       2.462
  1.3000  6330.    0.41   4.29  94.01  0.0000  0.8800       2.807       2.579       2.517
  1.4000  6475.    0.50   4.28  99.24  0.0000  0.9380       2.639       2.432       2.372
-----------------------------------------------------------------------------------------



   t (Gyr) =  0.030
-----------------------------------------------------------------------------------------
    M/MsTeff(K)    L/Ls  lg(g)  R(Gcm       D      Li           J           H           K
-----------------------------------------------------------------------------------------
  0.0100  1298.   -4.31   4.15   9.70  0.9900  1.0000      13.970      12.662      12.057
  0.0150  2139.   -3.26   4.14  12.01  0.1635  1.0000      10.745      10.085       9.643
  0.0200  2184.   -3.29   4.33  11.14  0.0000  1.0000      10.834      10.181       9.750
  0.0300  2448.   -3.05   4.46  11.71  0.0000  1.0000      10.182       9.633       9.276
  0.0400  2632.   -2.83   4.50  12.95  0.0000  1.0000       9.682       9.139       8.805
  0.0500  2755.   -2.68   4.53  14.05  0.0000  1.0000       9.353       8.797       8.480
  0.0600  2860.   -2.55   4.53  15.25  0.0000  1.0000       9.066       8.510       8.206
  0.0700  2925.   -2.45   4.54  16.33  0.0000  1.0000       8.847       8.284       7.990
  0.0720  2936.   -2.43   4.54  16.55  0.0000  1.0000       8.805       8.242       7.949
  0.0750  2952.   -2.40   4.54  16.94  0.0000  1.0000       8.737       8.173       7.882
  0.0800  2977.   -2.36   4.54  17.46  0.0000  0.9990       8.642       8.077       7.790
  0.0900  3020.   -2.28   4.54  18.51  0.0000  0.9970       8.467       7.897       7.618
  0.1000  3056.   -2.22   4.55  19.42  0.0000  0.9900       8.324       7.749       7.475
  0.2000  3279.   -1.78   4.53  27.91  0.0000  0.0078       7.317       6.710       6.461
  0.3000  3413.   -1.54   4.53  34.26  0.0000  0.0000       6.747       6.119       5.879
  0.4000  3508.   -1.36   4.53  39.56  0.0000  0.0000       6.357       5.715       5.480
  0.5000  3602.   -1.23   4.54  43.98  0.0000  0.0000       6.046       5.389       5.160
  0.6000  3739.   -1.08   4.53  48.54  0.0000  0.0000       5.719       5.038       4.826
  0.7000  3960.   -0.90   4.52  53.21  0.0000  0.0000       5.348       4.636       4.456
  0.8000  4320.   -0.66   4.49  58.49  0.0000  0.0054       4.867       4.183       4.047
  0.9000  4848.   -0.37   4.45  64.92  0.0000  0.0830       4.289       3.765       3.661
  1.0000  5520.   -0.03   4.39  73.88  0.0000  0.3070       3.655       3.291       3.212
  1.1000  5897.    0.07   4.43  73.32  0.0000  0.5750       3.506       3.211       3.143
  1.2000  6052.    0.19   4.40  79.48  0.0000  0.7700       3.273       3.003       2.936
  1.3000  6335.    0.38   4.33  90.28  0.0000  0.8800       2.892       2.665       2.604
  1.4000  6743.    0.56   4.28  98.19  0.0000  0.9380       2.575       2.404       2.348
-----------------------------------------------------------------------------------------



   t (Gyr) =  0.040
-----------------------------------------------------------------------------------------
    M/MsTeff(K)    L/Ls  lg(g)  R(Gcm       D      Li           J           H           K
-----------------------------------------------------------------------------------------
  0.0100  1206.   -4.47   4.18   9.40  0.9850  1.0000      14.222      12.997      12.577
  0.0150  1996.   -3.45   4.21  11.07  0.0368  1.0000      11.267      10.526      10.027
  0.0200  2005.   -3.52   4.41  10.13  0.0000  1.0000      11.402      10.674      10.205
  0.0300  2366.   -3.18   4.54  10.71  0.0000  1.0000      10.519       9.936       9.570
  0.0400  2581.   -2.95   4.59  11.73  0.0000  1.0000       9.981       9.432       9.097
  0.0500  2699.   -2.80   4.61  12.82  0.0000  1.0000       9.618       9.050       8.730
  0.0600  2830.   -2.65   4.62  13.75  0.0000  1.0000       9.324       8.766       8.459
  0.0700  2904.   -2.55   4.63  14.80  0.0000  0.9990       9.084       8.519       8.223
  0.0720  2916.   -2.53   4.63  15.00  0.0000  0.9980       9.040       8.475       8.181
  0.0750  2933.   -2.50   4.63  15.26  0.0000  0.9960       8.983       8.417       8.125
  0.0800  2961.   -2.45   4.63  15.81  0.0000  0.9930       8.874       8.307       8.020
  0.0900  3007.   -2.38   4.63  16.76  0.0000  0.9730       8.694       8.124       7.844
  0.1000  3046.   -2.31   4.63  17.55  0.0000  0.9060       8.555       7.979       7.705
  0.2000  3280.   -1.87   4.62  25.23  0.0000  0.0000       7.536       6.932       6.682
  0.3000  3410.   -1.62   4.61  31.10  0.0000  0.0000       6.963       6.340       6.099
  0.4000  3509.   -1.44   4.61  36.07  0.0000  0.0000       6.558       5.922       5.686
  0.5000  3606.   -1.29   4.60  40.68  0.0000  0.0000       6.211       5.560       5.330
  0.6000  3771.   -1.12   4.59  45.42  0.0000  0.0000       5.839       5.159       4.950
  0.7000  4084.   -0.88   4.56  50.73  0.0000  0.0000       5.347       4.639       4.476
  0.8000  4645.   -0.57   4.52  56.52  0.0000  0.0050       4.716       4.131       4.016
  0.9000  5301.   -0.25   4.48  62.55  0.0000  0.0828       4.121       3.711       3.625
  1.0000  5570.   -0.15   4.52  63.12  0.0000  0.3070       3.973       3.617       3.540
  1.1000  5822.    0.02   4.47  70.57  0.0000  0.5750       3.621       3.312       3.243
  1.2000  6090.    0.21   4.39  80.33  0.0000  0.7700       3.235       2.971       2.906
  1.3000  6413.    0.40   4.33  90.32  0.0000  0.8800       2.864       2.648       2.587
  1.4000  6757.    0.56   4.29  97.46  0.0000  0.9380       2.587       2.417       2.361
-----------------------------------------------------------------------------------------



   t (Gyr) =  0.050
-----------------------------------------------------------------------------------------
    M/MsTeff(K)    L/Ls  lg(g)  R(Gcm       D      Li           J           H           K
-----------------------------------------------------------------------------------------
  0.0150  1760.   -3.74   4.28  10.24  0.0041  1.0000      12.540      11.355      10.608
  0.0200  1838.   -3.72   4.46   9.59  0.0000  1.0000      12.287      11.237      10.615
  0.0300  2304.   -3.28   4.59  10.08  0.0000  1.0000      10.699      10.144       9.784
  0.0400  2525.   -3.05   4.65  10.96  0.0000  1.0000      10.223       9.654       9.317
  0.0500  2671.   -2.88   4.67  11.95  0.0000  1.0000       9.814       9.249       8.928
  0.0600  2804.   -2.73   4.69  12.80  0.0000  0.9990       9.510       8.949       8.640
  0.0700  2882.   -2.63   4.69  13.70  0.0000  0.9920       9.275       8.709       8.411
  0.0720  2896.   -2.61   4.70  13.88  0.0000  0.9890       9.230       8.663       8.368
  0.0750  2916.   -2.57   4.69  14.20  0.0000  0.9820       9.159       8.591       8.299
  0.0800  2945.   -2.53   4.70  14.63  0.0000  0.9600       9.060       8.491       8.203
  0.0900  2996.   -2.45   4.69  15.53  0.0000  0.8620       8.870       8.300       8.020
  0.1000  3037.   -2.38   4.70  16.30  0.0000  0.5960       8.725       8.150       7.875
  0.2000  3280.   -1.94   4.69  23.29  0.0000  0.0000       7.711       7.109       6.858
  0.3000  3407.   -1.69   4.68  28.86  0.0000  0.0000       7.130       6.510       6.269
  0.4000  3512.   -1.50   4.67  33.63  0.0000  0.0000       6.708       6.077       5.840
  0.5000  3617.   -1.34   4.65  38.41  0.0000  0.0000       6.326       5.677       5.449
  0.6000  3821.   -1.13   4.62  43.56  0.0000  0.0000       5.890       5.209       5.005
  0.7000  4270.   -0.83   4.58  49.26  0.0000  0.0000       5.273       4.587       4.444
  0.8000  4938.   -0.49   4.55  54.47  0.0000  0.0049       4.616       4.117       4.016
  0.9000  5236.   -0.36   4.58  56.23  0.0000  0.0827       4.385       3.959       3.871
  1.0000  5536.   -0.17   4.53  62.80  0.0000  0.3070       4.000       3.637       3.559
  1.1000  5833.    0.03   4.46  71.03  0.0000  0.5740       3.602       3.296       3.226
  1.2000  6133.    0.23   4.39  80.67  0.0000  0.7700       3.210       2.952       2.888
  1.3000  6435.    0.40   4.33  89.97  0.0000  0.8800       2.865       2.652       2.592
  1.4000  6759.    0.56   4.29  97.44  0.0000  0.9380       2.586       2.417       2.361
-----------------------------------------------------------------------------------------



   t (Gyr) =  0.060
-----------------------------------------------------------------------------------------
    M/MsTeff(K)    L/Ls  lg(g)  R(Gcm       D      Li           J           H           K
-----------------------------------------------------------------------------------------
  0.0150  1527.   -4.02   4.32   9.79  0.0004  1.0000      13.650      12.264      11.276
  0.0200  1619.   -3.97   4.49   9.29  0.0000  1.0000      13.469      12.107      11.141
  0.0300  2187.   -3.42   4.64   9.59  0.0000  1.0000      11.163      10.482      10.074
  0.0400  2474.   -3.13   4.69  10.41  0.0000  1.0000      10.409       9.837       9.499
  0.0500  2645.   -2.94   4.71  11.31  0.0000  1.0000       9.972       9.408       9.087
  0.0600  2771.   -2.80   4.74  12.10  0.0000  0.9970       9.671       9.104       8.793
  0.0700  2864.   -2.69   4.74  12.95  0.0000  0.9750       9.419       8.851       8.552
  0.0720  2879.   -2.67   4.74  13.12  0.0000  0.9640       9.373       8.804       8.508
  0.0750  2900.   -2.64   4.75  13.35  0.0000  0.9380       9.311       8.742       8.448
  0.0800  2930.   -2.59   4.75  13.78  0.0000  0.8690       9.206       8.636       8.347
  0.0900  2984.   -2.51   4.75  14.61  0.0000  0.5750       9.015       8.444       8.164
  0.1000  3028.   -2.44   4.75  15.34  0.0000  0.1450       8.865       8.290       8.015
  0.2000  3279.   -1.99   4.74  21.97  0.0000  0.0000       7.840       7.239       6.988
  0.3000  3406.   -1.74   4.73  27.22  0.0000  0.0000       7.260       6.643       6.401
  0.4000  3515.   -1.55   4.72  31.78  0.0000  0.0000       6.829       6.200       5.964
  0.5000  3633.   -1.37   4.69  36.75  0.0000  0.0000       6.408       5.761       5.533
  0.6000  3886.   -1.13   4.65  42.40  0.0000  0.0000       5.898       5.211       5.016
  0.7000  4452.   -0.78   4.60  48.04  0.0000  0.0000       5.199       4.557       4.429
  0.8000  4900.   -0.57   4.62  50.45  0.0000  0.0049       4.804       4.294       4.192
  0.9000  5214.   -0.38   4.58  55.84  0.0000  0.0826       4.411       3.980       3.891
  1.0000  5532.   -0.17   4.52  63.04  0.0000  0.3070       3.994       3.630       3.552
  1.1000  5848.    0.03   4.46  71.21  0.0000  0.5740       3.591       3.287       3.218
  1.2000  6152.    0.23   4.39  80.76  0.0000  0.7700       3.200       2.946       2.881
  1.3000  6440.    0.41   4.33  89.96  0.0000  0.8800       2.863       2.651       2.591
  1.4000  6763.    0.56   4.29  97.49  0.0000  0.9380       2.584       2.416       2.359
-----------------------------------------------------------------------------------------



   t (Gyr) =  0.070
-----------------------------------------------------------------------------------------
    M/MsTeff(K)    L/Ls  lg(g)  R(Gcm       D      Li           J           H           K
-----------------------------------------------------------------------------------------
  0.0150  1445.   -4.14   4.34   9.50  0.0001  1.0000      13.791      12.432      11.566
  0.0200  1542.   -4.07   4.51   9.10  0.0000  1.0000      13.726      12.348      11.388
  0.0300  2121.   -3.50   4.66   9.30  0.0000  1.0000      11.341      10.639      10.233
  0.0400  2426.   -3.20   4.73   9.98  0.0000  1.0000      10.562       9.994       9.656
  0.0500  2616.   -3.00   4.76  10.77  0.0000  1.0000      10.120       9.557       9.235
  0.0600  2737.   -2.87   4.78  11.51  0.0000  0.9930       9.821       9.249       8.937
  0.0700  2845.   -2.74   4.79  12.30  0.0000  0.9310       9.552       8.983       8.682
  0.0720  2862.   -2.72   4.79  12.48  0.0000  0.9050       9.502       8.932       8.634
  0.0750  2884.   -2.69   4.79  12.73  0.0000  0.8450       9.433       8.862       8.567
  0.0800  2917.   -2.64   4.79  13.13  0.0000  0.6850       9.326       8.755       8.465
  0.0900  2973.   -2.56   4.79  13.89  0.0000  0.2000       9.139       8.566       8.285
  0.1000  3019.   -2.49   4.80  14.58  0.0000  0.0034       8.983       8.408       8.133
  0.2000  3277.   -2.04   4.79  20.84  0.0000  0.0000       7.958       7.358       7.107
  0.3000  3406.   -1.79   4.78  25.82  0.0000  0.0000       7.376       6.762       6.520
  0.4000  3518.   -1.58   4.76  30.54  0.0000  0.0000       6.913       6.286       6.050
  0.5000  3649.   -1.39   4.72  35.66  0.0000  0.0000       6.459       5.812       5.586
  0.6000  3966.   -1.11   4.66  41.59  0.0000  0.0000       5.876       5.185       5.001
  0.7000  4555.   -0.77   4.63  46.42  0.0000  0.0000       5.202       4.590       4.470
  0.8000  4835.   -0.61   4.64  49.34  0.0000  0.0048       4.890       4.362       4.257
  0.9000  5213.   -0.37   4.58  55.99  0.0000  0.0825       4.406       3.975       3.885
  1.0000  5532.   -0.17   4.52  63.16  0.0000  0.3070       3.990       3.626       3.548
  1.1000  5858.    0.04   4.46  71.32  0.0000  0.5740       3.583       3.281       3.212
  1.2000  6159.    0.23   4.39  80.80  0.0000  0.7700       3.196       2.943       2.879
  1.3000  6448.    0.41   4.33  89.99  0.0000  0.8800       2.860       2.649       2.589
  1.4000  6765.    0.56   4.29  97.53  0.0000  0.9380       2.583       2.414       2.358
-----------------------------------------------------------------------------------------



   t (Gyr) =  0.080
-----------------------------------------------------------------------------------------
    M/MsTeff(K)    L/Ls  lg(g)  R(Gcm       D      Li           J           H           K
-----------------------------------------------------------------------------------------
  0.0150  1372.   -4.26   4.37   9.27  0.0000  1.0000      13.908      12.584      11.858
  0.0200  1489.   -4.14   4.52   8.96  0.0000  1.0000      13.846      12.482      11.568
  0.0300  2047.   -3.58   4.69   9.04  0.0000  1.0000      11.571      10.822      10.415
  0.0400  2387.   -3.26   4.75   9.66  0.0000  1.0000      10.695      10.116       9.778
  0.0500  2586.   -3.06   4.79  10.37  0.0000  0.9990      10.248       9.681       9.358
  0.0600  2709.   -2.92   4.81  11.06  0.0000  0.9850       9.942       9.366       9.055
  0.0700  2829.   -2.78   4.82  11.84  0.0000  0.8640       9.654       9.083       8.780
  0.0720  2845.   -2.76   4.82  11.98  0.0000  0.8010       9.610       9.038       8.738
  0.0750  2869.   -2.73   4.82  12.21  0.0000  0.6800       9.541       8.969       8.673
  0.0800  2905.   -2.69   4.83  12.58  0.0000  0.4070       9.434       8.862       8.571
  0.0900  2962.   -2.60   4.83  13.30  0.0000  0.0197       9.245       8.672       8.390
  0.1000  3010.   -2.54   4.84  13.92  0.0000  0.0000       9.090       8.515       8.240
  0.2000  3275.   -2.08   4.82  19.98  0.0000  0.0000       8.052       7.453       7.201
  0.3000  3406.   -1.82   4.81  24.88  0.0000  0.0000       7.457       6.845       6.602
  0.4000  3522.   -1.61   4.78  29.51  0.0000  0.0000       6.984       6.359       6.122
  0.5000  3668.   -1.40   4.74  34.80  0.0000  0.0000       6.496       5.849       5.624
  0.6000  4039.   -1.09   4.68  40.92  0.0000  0.0000       5.851       5.159       4.985
  0.7000  4497.   -0.83   4.67  44.58  0.0000  0.0000       5.329       4.701       4.577
  0.8000  4830.   -0.61   4.64  49.44  0.0000  0.0048       4.889       4.360       4.255
  0.9000  5212.   -0.37   4.58  56.04  0.0000  0.0825       4.404       3.973       3.884
  1.0000  5533.   -0.17   4.52  63.21  0.0000  0.3070       3.988       3.624       3.546
  1.1000  5876.    0.05   4.46  71.48  0.0000  0.5740       3.570       3.272       3.203
  1.2000  6164.    0.24   4.39  80.81  0.0000  0.7700       3.194       2.942       2.877
  1.3000  6451.    0.41   4.33  90.02  0.0000  0.8800       2.858       2.648       2.588
  1.4000  6766.    0.56   4.29  97.57  0.0000  0.9380       2.581       2.413       2.357
-----------------------------------------------------------------------------------------



   t (Gyr) =  0.090
-----------------------------------------------------------------------------------------
    M/MsTeff(K)    L/Ls  lg(g)  R(Gcm       D      Li           J           H           K
-----------------------------------------------------------------------------------------
  0.0150  1304.   -4.36   4.38   9.11  0.0000  1.0000      14.077      12.767      12.146
  0.0200  1447.   -4.20   4.53   8.85  0.0000  1.0000      13.890      12.548      11.719
  0.0300  1978.   -3.66   4.71   8.84  0.0000  1.0000      11.889      11.042      10.572
  0.0400  2351.   -3.31   4.78   9.40  0.0000  1.0000      10.820      10.213       9.878
  0.0500  2554.   -3.11   4.82  10.03  0.0000  0.9990      10.369       9.794       9.472
  0.0600  2688.   -2.96   4.84  10.69  0.0000  0.9720      10.047       9.470       9.158
  0.0700  2812.   -2.83   4.85  11.41  0.0000  0.7460       9.754       9.181       8.876
  0.0720  2829.   -2.81   4.85  11.55  0.0000  0.6430       9.708       9.134       8.832
  0.0750  2854.   -2.78   4.86  11.77  0.0000  0.4550       9.639       9.066       8.768
  0.0800  2892.   -2.73   4.86  12.12  0.0000  0.1520       9.531       8.957       8.665
  0.0900  2952.   -2.64   4.86  12.80  0.0000  0.0002       9.339       8.765       8.482
  0.1000  3002.   -2.57   4.87  13.44  0.0000  0.0000       9.173       8.598       8.323
  0.2000  3273.   -2.11   4.86  19.16  0.0000  0.0000       8.146       7.548       7.296
  0.3000  3407.   -1.85   4.84  23.98  0.0000  0.0000       7.537       6.926       6.683
  0.4000  3525.   -1.63   4.81  28.67  0.0000  0.0000       7.044       6.420       6.183
  0.5000  3689.   -1.41   4.76  34.11  0.0000  0.0000       6.521       5.873       5.650
  0.6000  4089.   -1.08   4.69  40.22  0.0000  0.0000       5.847       5.156       4.990
  0.7000  4422.   -0.87   4.69  43.75  0.0000  0.0000       5.421       4.774       4.644
  0.8000  4828.   -0.61   4.64  49.52  0.0000  0.0047       4.887       4.357       4.251
  0.9000  5210.   -0.37   4.58  56.13  0.0000  0.0823       4.402       3.970       3.881
  1.0000  5536.   -0.16   4.52  63.28  0.0000  0.3070       3.983       3.621       3.543
  1.1000  5882.    0.05   4.46  71.52  0.0000  0.5740       3.567       3.269       3.200
  1.2000  6167.    0.24   4.39  80.84  0.0000  0.7700       3.192       2.940       2.876
  1.3000  6453.    0.41   4.33  90.06  0.0000  0.8800       2.857       2.646       2.586
  1.4000  6768.    0.56   4.29  97.63  0.0000  0.9380       2.580       2.412       2.355
-----------------------------------------------------------------------------------------



   t (Gyr) =  0.100
-----------------------------------------------------------------------------------------
    M/MsTeff(K)    L/Ls  lg(g)  R(Gcm       D      Li           J           H           K
-----------------------------------------------------------------------------------------
  0.0150  1256.   -4.44   4.39   8.99  0.0000  1.0000      14.227      12.946      12.415
  0.0200  1404.   -4.27   4.54   8.75  0.0000  1.0000      13.934      12.615      11.872
  0.0300  1912.   -3.74   4.72   8.68  0.0000  1.0000      12.106      11.186      10.704
  0.0400  2311.   -3.36   4.80   9.14  0.0000  1.0000      10.934      10.339      10.000
  0.0500  2525.   -3.15   4.84   9.76  0.0000  0.9990      10.474       9.893       9.570
  0.0600  2670.   -3.00   4.87  10.38  0.0000  0.9530      10.136       9.559       9.247
  0.0700  2794.   -2.87   4.88  11.05  0.0000  0.5870       9.847       9.271       8.965
  0.0720  2813.   -2.84   4.88  11.19  0.0000  0.4470       9.797       9.221       8.917
  0.0750  2839.   -2.81   4.88  11.39  0.0000  0.2330       9.728       9.152       8.852
  0.0800  2879.   -2.76   4.89  11.72  0.0000  0.0284       9.618       9.043       8.749
  0.0900  2942.   -2.68   4.89  12.37  0.0000  0.0000       9.425       8.850       8.567
  0.1000  2993.   -2.61   4.90  12.96  0.0000  0.0000       9.261       8.685       8.410
  0.2000  3272.   -2.14   4.89  18.57  0.0000  0.0000       8.216       7.619       7.366
  0.3000  3409.   -1.87   4.86  23.36  0.0000  0.0000       7.594       6.984       6.741
  0.4000  3529.   -1.65   4.83  27.99  0.0000  0.0000       7.092       6.470       6.233
  0.5000  3705.   -1.41   4.77  33.66  0.0000  0.0000       6.537       5.888       5.666
  0.6000  4100.   -1.09   4.71  39.56  0.0000  0.0000       5.874       5.185       5.020
  0.7000  4402.   -0.88   4.69  43.77  0.0000  0.0000       5.433       4.781       4.649
  0.8000  4826.   -0.61   4.64  49.57  0.0000  0.0047       4.886       4.355       4.250
  0.9000  5209.   -0.37   4.58  56.17  0.0000  0.0823       4.401       3.969       3.879
  1.0000  5541.   -0.16   4.52  63.34  0.0000  0.3070       3.979       3.618       3.540
  1.1000  5886.    0.05   4.45  71.57  0.0000  0.5740       3.564       3.266       3.198
  1.2000  6170.    0.24   4.39  80.89  0.0000  0.7700       3.190       2.938       2.874
  1.3000  6453.    0.41   4.33  90.06  0.0000  0.8800       2.857       2.646       2.586
  1.4000  6766.    0.56   4.29  97.70  0.0000  0.9380       2.579       2.410       2.354
-----------------------------------------------------------------------------------------



   t (Gyr) =  0.120
-----------------------------------------------------------------------------------------
    M/MsTeff(K)    L/Ls  lg(g)  R(Gcm       D      Li           J           H           K
-----------------------------------------------------------------------------------------
  0.0200  1304.   -4.41   4.56   8.58  0.0000  1.0000      14.167      12.877      12.291
  0.0300  1779.   -3.88   4.75   8.44  0.0000  1.0000      12.882      11.710      10.977
  0.0400  2225.   -3.46   4.84   8.79  0.0000  1.0000      11.268      10.580      10.210
  0.0500  2471.   -3.23   4.88   9.31  0.0000  0.9970      10.655      10.068       9.746
  0.0600  2635.   -3.06   4.91   9.89  0.0000  0.9010      10.289       9.710       9.397
  0.0700  2757.   -2.94   4.93  10.47  0.0000  0.2440      10.011       9.431       9.125
  0.0720  2780.   -2.91   4.93  10.59  0.0000  0.1110       9.959       9.379       9.073
  0.0750  2810.   -2.88   4.93  10.78  0.0000  0.0171       9.884       9.304       9.001
  0.0800  2853.   -2.83   4.94  11.08  0.0000  0.0001       9.771       9.192       8.896
  0.0900  2924.   -2.74   4.94  11.69  0.0000  0.0000       9.569       8.992       8.707
  0.1000  2978.   -2.67   4.95  12.25  0.0000  0.0000       9.401       8.824       8.547
  0.2000  3270.   -2.19   4.93  17.62  0.0000  0.0000       8.332       7.736       7.483
  0.3000  3411.   -1.91   4.90  22.28  0.0000  0.0000       7.696       7.088       6.844
  0.4000  3536.   -1.68   4.86  26.97  0.0000  0.0000       7.167       6.546       6.310
  0.5000  3727.   -1.42   4.78  33.02  0.0000  0.0000       6.562       5.912       5.693
  0.6000  4030.   -1.15   4.73  38.33  0.0000  0.0000       6.001       5.316       5.139
  0.7000  4400.   -0.88   4.68  43.93  0.0000  0.0000       5.427       4.774       4.642
  0.8000  4825.   -0.61   4.63  49.66  0.0000  0.0046       4.883       4.352       4.246
  0.9000  5208.   -0.37   4.58  56.22  0.0000  0.0822       4.399       3.967       3.877
  1.0000  5547.   -0.16   4.52  63.41  0.0000  0.3070       3.974       3.614       3.536
  1.1000  5889.    0.05   4.45  71.63  0.0000  0.5740       3.560       3.264       3.195
  1.2000  6172.    0.24   4.39  80.96  0.0000  0.7700       3.187       2.936       2.872
  1.3000  6455.    0.41   4.33  90.19  0.0000  0.8800       2.853       2.643       2.583
  1.4000  6767.    0.56   4.29  97.82  0.0000  0.9380       2.576       2.408       2.352
-----------------------------------------------------------------------------------------



   t (Gyr) =  0.150
-----------------------------------------------------------------------------------------
    M/MsTeff(K)    L/Ls  lg(g)  R(Gcm       D      Li           J           H           K
-----------------------------------------------------------------------------------------
  0.0300  1604.   -4.09   4.77   8.21  0.0000  1.0000      13.838      12.476      11.503
  0.0400  2112.   -3.59   4.88   8.40  0.0000  1.0000      11.571      10.860      10.491
  0.0500  2393.   -3.33   4.93   8.81  0.0000  0.9940      10.895      10.296       9.976
  0.0600  2578.   -3.16   4.96   9.30  0.0000  0.7630      10.503       9.919       9.606
  0.0700  2710.   -3.02   4.98   9.82  0.0000  0.0137      10.213       9.629       9.324
  0.0720  2734.   -3.00   4.99   9.93  0.0000  0.0011      10.159       9.576       9.271
  0.0750  2766.   -2.97   4.99  10.07  0.0000  0.0000      10.089       9.505       9.201
  0.0800  2816.   -2.91   5.00  10.35  0.0000  0.0000       9.966       9.382       9.081
  0.0900  2896.   -2.82   5.00  10.89  0.0000  0.0000       9.757       9.177       8.890
  0.1000  2958.   -2.74   5.00  11.46  0.0000  0.0000       9.569       8.991       8.712
  0.2000  3268.   -2.24   4.98  16.65  0.0000  0.0000       8.458       7.864       7.610
  0.3000  3413.   -1.95   4.94  21.32  0.0000  0.0000       7.791       7.185       6.942
  0.4000  3540.   -1.71   4.89  26.21  0.0000  0.0000       7.226       6.606       6.370
  0.5000  3730.   -1.43   4.80  32.27  0.0000  0.0000       6.609       5.961       5.741
  0.6000  3987.   -1.17   4.74  38.22  0.0000  0.0000       6.042       5.359       5.176
  0.7000  4394.   -0.88   4.68  44.06  0.0000  0.0000       5.425       4.771       4.639
  0.8000  4825.   -0.61   4.63  49.80  0.0000  0.0044       4.877       4.346       4.240
  0.9000  5207.   -0.37   4.58  56.31  0.0000  0.0820       4.396       3.964       3.874
  1.0000  5561.   -0.15   4.52  63.54  0.0000  0.3070       3.963       3.605       3.528
  1.1000  5892.    0.05   4.45  71.68  0.0000  0.5740       3.558       3.262       3.193
  1.2000  6174.    0.24   4.38  81.04  0.0000  0.7700       3.184       2.933       2.869
  1.3000  6456.    0.41   4.33  90.30  0.0000  0.8800       2.850       2.640       2.580
  1.4000  6767.    0.57   4.29  98.12  0.0000  0.9380       2.569       2.401       2.345
-----------------------------------------------------------------------------------------



   t (Gyr) =  0.200
-----------------------------------------------------------------------------------------
    M/MsTeff(K)    L/Ls  lg(g)  R(Gcm       D      Li           J           H           K
-----------------------------------------------------------------------------------------
  0.0300  1480.   -4.25   4.79   8.00  0.0000  1.0000      13.999      12.685      11.857
  0.0400  1940.   -3.78   4.92   7.98  0.0000  1.0000      12.259      11.328      10.867
  0.0500  2268.   -3.48   4.99   8.24  0.0000  0.9860      11.307      10.636      10.293
  0.0600  2488.   -3.28   5.03   8.65  0.0000  0.4660      10.787      10.193       9.883
  0.0700  2639.   -3.14   5.05   9.08  0.0000  0.0000      10.472       9.886       9.582
  0.0720  2664.   -3.11   5.06   9.17  0.0000  0.0000      10.418       9.834       9.531
  0.0750  2698.   -3.08   5.06   9.28  0.0000  0.0000      10.344       9.764       9.463
  0.0800  2756.   -3.02   5.07   9.52  0.0000  0.0000      10.218       9.634       9.334
  0.0900  2853.   -2.91   5.07  10.05  0.0000  0.0000       9.983       9.399       9.107
  0.1000  2926.   -2.83   5.07  10.57  0.0000  0.0000       9.784       9.203       8.923
  0.2000  3264.   -2.28   5.03  15.82  0.0000  0.0000       8.573       7.979       7.725
  0.3000  3414.   -1.98   4.97  20.65  0.0000  0.0000       7.860       7.255       7.011
  0.4000  3537.   -1.73   4.91  25.60  0.0000  0.0000       7.280       6.662       6.425
  0.5000  3701.   -1.46   4.82  31.77  0.0000  0.0000       6.664       6.021       5.799
  0.6000  3981.   -1.17   4.73  38.39  0.0000  0.0000       6.037       5.354       5.170
  0.7000  4390.   -0.88   4.68  44.18  0.0000  0.0000       5.422       4.767       4.634
  0.8000  4824.   -0.61   4.63  49.89  0.0000  0.0043       4.873       4.342       4.237
  0.9000  5207.   -0.37   4.57  56.42  0.0000  0.0817       4.392       3.960       3.870
  1.0000  5567.   -0.15   4.52  63.64  0.0000  0.3070       3.957       3.600       3.523
  1.1000  5895.    0.06   4.45  71.81  0.0000  0.5740       3.553       3.257       3.189
  1.2000  6177.    0.24   4.38  81.24  0.0000  0.7700       3.178       2.927       2.863
  1.3000  6456.    0.42   4.32  90.59  0.0000  0.8800       2.843       2.633       2.573
  1.4000  6766.    0.57   4.28  98.57  0.0000  0.9380       2.559       2.391       2.335
-----------------------------------------------------------------------------------------



   t (Gyr) =  0.300
-----------------------------------------------------------------------------------------
    M/MsTeff(K)    L/Ls  lg(g)  R(Gcm       D      Li           J           H           K
-----------------------------------------------------------------------------------------
  0.0300  1320.   -4.48   4.82   7.72  0.0000  1.0000      14.232      13.019      12.558
  0.0400  1667.   -4.09   4.97   7.57  0.0000  1.0000      13.738      12.416      11.482
  0.0700  2519.   -3.31   5.14   8.20  0.0000  0.0000      10.858      10.260       9.961
  0.0720  2552.   -3.28   5.14   8.28  0.0000  0.0000      10.792      10.195       9.897
  0.0750  2594.   -3.24   5.15   8.38  0.0000  0.0000      10.706      10.111       9.813
  0.0800  2660.   -3.17   5.16   8.59  0.0000  0.0000      10.556       9.974       9.678
  0.0900  2782.   -3.04   5.16   9.08  0.0000  0.0000      10.287       9.699       9.406
  0.1000  2874.   -2.94   5.16   9.58  0.0000  0.0000      10.060       9.474       9.190
  0.2000  3261.   -2.32   5.05  15.31  0.0000  0.0000       8.649       8.054       7.800
  0.3000  3415.   -1.99   4.98  20.36  0.0000  0.0000       7.890       7.286       7.042
  0.4000  3528.   -1.73   4.91  25.53  0.0000  0.0000       7.294       6.677       6.440
  0.5000  3689.   -1.46   4.81  31.94  0.0000  0.0000       6.663       6.021       5.797
  0.6000  3971.   -1.17   4.73  38.56  0.0000  0.0000       6.036       5.353       5.168
  0.7000  4388.   -0.88   4.67  44.33  0.0000  0.0000       5.416       4.760       4.627
  0.8000  4822.   -0.61   4.63  50.01  0.0000  0.0040       4.869       4.338       4.232
  0.9000  5209.   -0.37   4.57  56.57  0.0000  0.0812       4.385       3.953       3.864
  1.0000  5572.   -0.14   4.51  63.79  0.0000  0.3070       3.950       3.594       3.517
  1.1000  5898.    0.06   4.45  72.07  0.0000  0.5740       3.544       3.249       3.180
  1.2000  6179.    0.25   4.38  81.62  0.0000  0.7700       3.167       2.917       2.853
  1.3000  6456.    0.42   4.32  91.16  0.0000  0.8800       2.829       2.620       2.559
  1.4000  6761.    0.58   4.27  99.43  0.0000  0.9380       2.542       2.374       2.317
-----------------------------------------------------------------------------------------



   t (Gyr) =  0.400
-----------------------------------------------------------------------------------------
    M/MsTeff(K)    L/Ls  lg(g)  R(Gcm       D      Li           J           H           K
-----------------------------------------------------------------------------------------
  0.0400  1495.   -4.31   4.99   7.37  0.0000  1.0000      14.094      12.810      12.007
  0.0500  1836.   -3.96   5.10   7.29  0.0000  0.9570      12.843      11.791      11.211
  0.0700  2419.   -3.43   5.20   7.69  0.0000  0.0000      11.148      10.536      10.247
  0.0720  2457.   -3.40   5.20   7.76  0.0000  0.0000      11.069      10.461      10.170
  0.0750  2508.   -3.35   5.21   7.86  0.0000  0.0000      10.965      10.362      10.069
  0.0800  2594.   -3.27   5.21   8.09  0.0000  0.0000      10.783      10.185       9.892
  0.0900  2726.   -3.13   5.21   8.55  0.0000  0.0000      10.472       9.896       9.605
  0.1000  2844.   -3.00   5.20   9.15  0.0000  0.0000      10.196       9.607       9.321
  0.2000  3260.   -2.32   5.06  15.22  0.0000  0.0000       8.662       8.068       7.813
  0.3000  3415.   -1.99   4.98  20.34  0.0000  0.0000       7.892       7.289       7.045
  0.4000  3526.   -1.73   4.91  25.66  0.0000  0.0000       7.285       6.669       6.431
  0.5000  3685.   -1.46   4.81  32.03  0.0000  0.0000       6.661       6.018       5.795
  0.6000  3969.   -1.17   4.73  38.64  0.0000  0.0000       6.033       5.351       5.165
  0.7000  4387.   -0.87   4.67  44.41  0.0000  0.0000       5.413       4.757       4.624
  0.8000  4821.   -0.61   4.63  50.10  0.0000  0.0036       4.866       4.334       4.228
  0.9000  5210.   -0.36   4.57  56.68  0.0000  0.0807       4.381       3.949       3.859
  1.0000  5574.   -0.14   4.51  63.94  0.0000  0.3070       3.944       3.589       3.512
  1.1000  5901.    0.06   4.44  72.40  0.0000  0.5740       3.532       3.238       3.170
  1.2000  6181.    0.25   4.37  82.12  0.0000  0.7700       3.153       2.903       2.839
  1.3000  6453.    0.43   4.31  91.73  0.0000  0.8800       2.817       2.607       2.547
  1.4000  6750.    0.58   4.27 100.33  0.0000  0.9380       2.526       2.356       2.300
-----------------------------------------------------------------------------------------



   t (Gyr) =  0.500
-----------------------------------------------------------------------------------------
    M/MsTeff(K)    L/Ls  lg(g)  R(Gcm       D      Li           J           H           K
-----------------------------------------------------------------------------------------
  0.0400  1388.   -4.45   5.01   7.24  0.0000  1.0000      14.230      12.985      12.372
  0.0500  1698.   -4.12   5.12   7.10  0.0000  0.9470      13.672      12.409      11.528
  0.0750  2435.   -3.44   5.25   7.51  0.0000  0.0000      11.172      10.560      10.276
  0.0800  2539.   -3.34   5.25   7.76  0.0000  0.0000      10.949      10.345      10.055
  0.0900  2696.   -3.18   5.24   8.29  0.0000  0.0000      10.569       9.998       9.709
  0.1000  2828.   -3.03   5.22   8.93  0.0000  0.0000      10.268       9.677       9.390
  0.2000  3260.   -2.32   5.06  15.21  0.0000  0.0000       8.663       8.069       7.815
  0.3000  3415.   -1.99   4.98  20.34  0.0000  0.0000       7.892       7.288       7.044
  0.4000  3524.   -1.73   4.90  25.77  0.0000  0.0000       7.278       6.661       6.423
  0.5000  3682.   -1.46   4.81  32.09  0.0000  0.0000       6.658       6.016       5.792
  0.6000  3968.   -1.17   4.73  38.70  0.0000  0.0000       6.030       5.348       5.162
  0.7000  4386.   -0.87   4.67  44.47  0.0000  0.0000       5.411       4.754       4.621
  0.8000  4821.   -0.60   4.62  50.18  0.0000  0.0033       4.863       4.331       4.225
  0.9000  5211.   -0.36   4.57  56.81  0.0000  0.0801       4.375       3.944       3.854
  1.0000  5576.   -0.14   4.51  64.08  0.0000  0.3070       3.938       3.583       3.506
  1.1000  5904.    0.07   4.44  72.64  0.0000  0.5740       3.524       3.230       3.162
  1.2000  6182.    0.26   4.37  82.50  0.0000  0.7700       3.143       2.893       2.829
  1.3000  6451.    0.43   4.31  92.32  0.0000  0.8800       2.804       2.593       2.533
  1.4000  6742.    0.59   4.26 101.27  0.0000  0.9380       2.508       2.338       2.281
-----------------------------------------------------------------------------------------



   t (Gyr) =  0.600
-----------------------------------------------------------------------------------------
    M/MsTeff(K)    L/Ls  lg(g)  R(Gcm       D      Li           J           H           K
-----------------------------------------------------------------------------------------
  0.0400  1343.   -4.52   5.02   7.13  0.0000  1.0000      14.290      13.109      12.670
  0.0500  1584.   -4.25   5.13   6.99  0.0000  0.9400      14.175      12.858      11.936
  0.0600  1972.   -3.88   5.22   6.93  0.0000  0.0003      12.443      11.586      11.176
  0.0800  2492.   -3.40   5.27   7.53  0.0000  0.0000      11.082      10.474      10.188
  0.0900  2676.   -3.21   5.26   8.14  0.0000  0.0000      10.639      10.063       9.775
  0.1000  2818.   -3.05   5.23   8.82  0.0000  0.0000      10.307       9.715       9.428
  0.2000  3260.   -2.32   5.06  15.21  0.0000  0.0000       8.664       8.070       7.815
  0.3000  3415.   -1.99   4.98  20.35  0.0000  0.0000       7.892       7.288       7.044
  0.4000  3522.   -1.73   4.90  25.86  0.0000  0.0000       7.272       6.654       6.417
  0.5000  3681.   -1.46   4.81  32.15  0.0000  0.0000       6.656       6.014       5.790
  0.6000  3969.   -1.17   4.72  38.74  0.0000  0.0000       6.027       5.345       5.159
  0.7000  4386.   -0.87   4.67  44.52  0.0000  0.0000       5.409       4.752       4.619
  0.8000  4821.   -0.60   4.62  50.26  0.0000  0.0030       4.859       4.327       4.221
  0.9000  5212.   -0.36   4.57  56.90  0.0000  0.0797       4.371       3.940       3.851
  1.0000  5580.   -0.14   4.51  64.26  0.0000  0.3070       3.930       3.576       3.500
  1.1000  5906.    0.07   4.44  72.87  0.0000  0.5740       3.516       3.223       3.154
  1.2000  6182.    0.26   4.36  82.90  0.0000  0.7700       3.132       2.883       2.819
  1.3000  6446.    0.44   4.30  93.10  0.0000  0.8800       2.787       2.576       2.516
  1.4000  6730.    0.59   4.25 102.23  0.0000  0.9380       2.492       2.320       2.263
-----------------------------------------------------------------------------------------



   t (Gyr) =  0.700
-----------------------------------------------------------------------------------------
    M/MsTeff(K)    L/Ls  lg(g)  R(Gcm       D      Li           J           H           K
-----------------------------------------------------------------------------------------
  0.0400  1307.   -4.58   5.03   7.05  0.0000  1.0000      14.340      13.212      12.909
  0.0500  1513.   -4.34   5.14   6.89  0.0000  0.9350      14.194      12.918      12.102
  0.0600  1781.   -4.07   5.24   6.80  0.0000  0.0001      13.245      12.175      11.492
  0.0800  2456.   -3.44   5.29   7.37  0.0000  0.0000      11.182      10.570      10.289
  0.0900  2663.   -3.23   5.27   8.04  0.0000  0.0000      10.686      10.105       9.818
  0.1000  2814.   -3.06   5.24   8.77  0.0000  0.0000      10.324       9.731       9.444
  0.2000  3260.   -2.32   5.06  15.21  0.0000  0.0000       8.664       8.070       7.815
  0.3000  3415.   -1.99   4.98  20.36  0.0000  0.0000       7.891       7.287       7.043
  0.4000  3521.   -1.72   4.90  25.95  0.0000  0.0000       7.265       6.648       6.410
  0.5000  3680.   -1.46   4.81  32.18  0.0000  0.0000       6.654       6.012       5.788
  0.6000  3968.   -1.17   4.72  38.78  0.0000  0.0000       6.026       5.343       5.157
  0.7000  4385.   -0.87   4.67  44.57  0.0000  0.0000       5.407       4.750       4.617
  0.8000  4822.   -0.60   4.62  50.31  0.0000  0.0028       4.856       4.325       4.219
  0.9000  5214.   -0.36   4.57  56.98  0.0000  0.0793       4.367       3.937       3.847
  1.0000  5583.   -0.13   4.51  64.39  0.0000  0.3060       3.924       3.571       3.494
  1.1000  5908.    0.08   4.44  73.11  0.0000  0.5740       3.508       3.215       3.147
  1.2000  6183.    0.27   4.36  83.28  0.0000  0.7700       3.122       2.872       2.808
  1.3000  6444.    0.44   4.29  93.73  0.0000  0.8800       2.773       2.562       2.502
  1.4000  6721.    0.60   4.24 103.21  0.0000  0.9380       2.474       2.301       2.244
-----------------------------------------------------------------------------------------



   t (Gyr) =  0.800
-----------------------------------------------------------------------------------------
    M/MsTeff(K)    L/Ls  lg(g)  R(Gcm       D      Li           J           H           K
-----------------------------------------------------------------------------------------
  0.0500  1443.   -4.44   5.16   6.81  0.0000  0.9290      14.237      13.020      12.371
  0.0600  1716.   -4.15   5.25   6.71  0.0000  0.0000      13.641      12.456      11.647
  0.0800  2436.   -3.47   5.30   7.28  0.0000  0.0000      11.235      10.622      10.344
  0.0900  2656.   -3.24   5.27   7.98  0.0000  0.0000      10.711      10.129       9.842
  0.1000  2812.   -3.06   5.24   8.75  0.0000  0.0000      10.332       9.739       9.452
  0.2000  3260.   -2.32   5.06  15.21  0.0000  0.0000       8.664       8.070       7.815
  0.3000  3415.   -1.99   4.98  20.36  0.0000  0.0000       7.890       7.286       7.042
  0.4000  3521.   -1.72   4.89  26.01  0.0000  0.0000       7.261       6.644       6.406
  0.5000  3680.   -1.46   4.81  32.21  0.0000  0.0000       6.653       6.011       5.786
  0.6000  3968.   -1.17   4.72  38.81  0.0000  0.0000       6.024       5.341       5.155
  0.7000  4386.   -0.87   4.67  44.61  0.0000  0.0000       5.405       4.748       4.615
  0.8000  4823.   -0.60   4.62  50.36  0.0000  0.0025       4.853       4.322       4.216
  0.9000  5216.   -0.36   4.56  57.06  0.0000  0.0788       4.363       3.933       3.844
  1.0000  5586.   -0.13   4.50  64.52  0.0000  0.3060       3.919       3.566       3.489
  1.1000  5910.    0.08   4.43  73.34  0.0000  0.5740       3.501       3.208       3.140
  1.2000  6184.    0.27   4.36  83.67  0.0000  0.7700       3.111       2.862       2.798
  1.3000  6442.    0.45   4.29  94.35  0.0000  0.8800       2.760       2.548       2.488
  1.4000  6705.    0.61   4.23 104.56  0.0000  0.9380       2.450       2.276       2.218
-----------------------------------------------------------------------------------------



   t (Gyr) =  0.900
-----------------------------------------------------------------------------------------
    M/MsTeff(K)    L/Ls  lg(g)  R(Gcm       D      Li           J           H           K
-----------------------------------------------------------------------------------------
  0.0500  1401.   -4.49   5.16   6.75  0.0000  0.9260      14.270      13.089      12.546
  0.0600  1635.   -4.24   5.26   6.63  0.0000  0.0000      14.056      12.788      11.908
  0.0800  2414.   -3.49   5.31   7.19  0.0000  0.0000      11.295      10.679      10.405
  0.0900  2650.   -3.24   5.28   7.95  0.0000  0.0000      10.731      10.146       9.859
  0.1000  2811.   -3.06   5.24   8.74  0.0000  0.0000      10.336       9.743       9.456
  0.2000  3261.   -2.32   5.06  15.21  0.0000  0.0000       8.664       8.069       7.815
  0.3000  3415.   -1.99   4.98  20.37  0.0000  0.0000       7.889       7.285       7.041
  0.4000  3520.   -1.72   4.89  26.05  0.0000  0.0000       7.258       6.641       6.403
  0.5000  3680.   -1.46   4.81  32.24  0.0000  0.0000       6.651       6.009       5.785
  0.6000  3968.   -1.17   4.72  38.85  0.0000  0.0000       6.023       5.340       5.154
  0.7000  4386.   -0.87   4.67  44.64  0.0000  0.0000       5.403       4.746       4.613
  0.8000  4824.   -0.60   4.62  50.41  0.0000  0.0024       4.851       4.320       4.214
  0.9000  5218.   -0.35   4.56  57.14  0.0000  0.0784       4.359       3.929       3.840
  1.0000  5589.   -0.13   4.50  64.65  0.0000  0.3060       3.913       3.561       3.484
  1.1000  5913.    0.08   4.43  73.58  0.0000  0.5740       3.493       3.200       3.132
  1.2000  6186.    0.28   4.35  84.08  0.0000  0.7700       3.100       2.851       2.787
  1.3000  6440.    0.45   4.28  94.98  0.0000  0.8800       2.746       2.534       2.474
  1.4000  6695.    0.61   4.22 105.62  0.0000  0.9380       2.432       2.256       2.198
-----------------------------------------------------------------------------------------



   t (Gyr) =  1.000
-----------------------------------------------------------------------------------------
    M/MsTeff(K)    L/Ls  lg(g)  R(Gcm       D      Li           J           H           K
-----------------------------------------------------------------------------------------
  0.0500  1383.   -4.52   5.17   6.70  0.0000  0.9230      14.301      13.147      12.663
  0.0600  1584.   -4.30   5.26   6.58  0.0000  0.0000      14.242      12.951      12.057
  0.0900  2648.   -3.25   5.28   7.93  0.0000  0.0000      10.740      10.155       9.867
  0.1000  2810.   -3.06   5.24   8.73  0.0000  0.0000      10.339       9.746       9.459
  0.2000  3261.   -2.32   5.06  15.21  0.0000  0.0000       8.664       8.069       7.815
  0.3000  3415.   -1.99   4.98  20.39  0.0000  0.0000       7.888       7.284       7.040
  0.4000  3520.   -1.72   4.89  26.08  0.0000  0.0000       7.255       6.638       6.400
  0.5000  3680.   -1.46   4.80  32.26  0.0000  0.0000       6.650       6.008       5.783
  0.6000  3967.   -1.16   4.72  38.88  0.0000  0.0000       6.021       5.338       5.152
  0.7000  4387.   -0.87   4.67  44.69  0.0000  0.0000       5.400       4.743       4.611
  0.8000  4826.   -0.60   4.62  50.45  0.0000  0.0022       4.848       4.317       4.212
  0.9000  5220.   -0.35   4.56  57.21  0.0000  0.0780       4.355       3.926       3.837
  1.0000  5592.   -0.13   4.50  64.77  0.0000  0.3060       3.907       3.556       3.480
  1.1000  5916.    0.09   4.43  73.91  0.0000  0.5740       3.482       3.190       3.122
  1.2000  6187.    0.28   4.35  84.48  0.0000  0.7700       3.089       2.841       2.777
  1.3000  6438.    0.46   4.28  95.62  0.0000  0.8800       2.732       2.520       2.459
  1.4000  6684.    0.62   4.21 106.71  0.0000  0.9380       2.413       2.236       2.178
-----------------------------------------------------------------------------------------



   t (Gyr) =  2.000
-----------------------------------------------------------------------------------------
    M/MsTeff(K)    L/Ls  lg(g)  R(Gcm       D      Li           J           H           K
-----------------------------------------------------------------------------------------
  0.0600  1379.   -4.59   5.31   6.26  0.0000  0.0000      14.371      13.293      12.911
  0.0700  1720.   -4.19   5.36   6.36  0.0000  0.0000      13.673      12.545      11.781
  0.0720  1811.   -4.09   5.37   6.40  0.0000  0.0000      13.127      12.192      11.616
  0.0900  2643.   -3.25   5.28   7.90  0.0000  0.0000      10.755      10.169       9.882
  0.1000  2810.   -3.06   5.24   8.72  0.0000  0.0000      10.341       9.748       9.460
  0.2000  3261.   -2.32   5.06  15.22  0.0000  0.0000       8.662       8.068       7.813
  0.3000  3415.   -1.98   4.97  20.53  0.0000  0.0000       7.872       7.267       7.023
  0.4000  3519.   -1.71   4.89  26.25  0.0000  0.0000       7.242       6.625       6.387
  0.5000  3679.   -1.45   4.80  32.44  0.0000  0.0000       6.638       5.995       5.771
  0.6000  3969.   -1.16   4.72  39.08  0.0000  0.0000       6.008       5.325       5.139
  0.7000  4396.   -0.86   4.66  44.93  0.0000  0.0000       5.382       4.727       4.595
  0.8000  4842.   -0.59   4.61  50.87  0.0000  0.0010       4.820       4.294       4.189
  0.9000  5244.   -0.33   4.55  57.99  0.0000  0.0734       4.314       3.890       3.802
  1.0000  5627.   -0.10   4.48  66.21  0.0000  0.3060       3.844       3.499       3.424
  1.1000  5945.    0.13   4.40  76.66  0.0000  0.5740       3.392       3.105       3.037
  1.2000  6202.    0.33   4.30  89.37  0.0000  0.7700       2.962       2.716       2.652
  1.3000  6403.    0.52   4.20 103.89  0.0000  0.8800       2.564       2.348       2.287
  1.4000  6464.    0.68   4.09 122.86  0.0000  0.9380       2.180       1.974       1.913
-----------------------------------------------------------------------------------------



   t (Gyr) =  3.000
-----------------------------------------------------------------------------------------
    M/MsTeff(K)    L/Ls  lg(g)  R(Gcm       D      Li           J           H           K
-----------------------------------------------------------------------------------------
  0.0600  1313.   -4.70   5.33   6.07  0.0000  0.0000      14.513      13.539      13.340
  0.0700  1650.   -4.27   5.37   6.30  0.0000  0.0000      14.039      12.824      12.006
  0.0720  1793.   -4.11   5.37   6.38  0.0000  0.0000      13.233      12.266      11.652
  0.0900  2644.   -3.25   5.28   7.90  0.0000  0.0000      10.755      10.168       9.881
  0.1000  2810.   -3.06   5.24   8.72  0.0000  0.0000      10.340       9.747       9.460
  0.2000  3261.   -2.32   5.06  15.23  0.0000  0.0000       8.659       8.065       7.811
  0.3000  3416.   -1.97   4.97  20.70  0.0000  0.0000       7.854       7.249       7.005
  0.4000  3520.   -1.71   4.88  26.32  0.0000  0.0000       7.235       6.617       6.380
  0.5000  3679.   -1.45   4.80  32.56  0.0000  0.0000       6.630       5.987       5.763
  0.6000  3974.   -1.15   4.71  39.21  0.0000  0.0000       5.997       5.312       5.128
  0.7000  4407.   -0.85   4.66  45.13  0.0000  0.0000       5.365       4.712       4.581
  0.8000  4859.   -0.57   4.61  51.25  0.0000  0.0005       4.794       4.273       4.169
  0.9000  5270.   -0.31   4.54  58.79  0.0000  0.0702       4.271       3.853       3.766
  1.0000  5661.   -0.06   4.46  67.79  0.0000  0.3060       3.778       3.439       3.366
  1.1000  5974.    0.17   4.36  80.15  0.0000  0.5740       3.284       3.003       2.935
  1.2000  6191.    0.39   4.24  95.81  0.0000  0.7700       2.815       2.568       2.504
  1.3000  6177.    0.56   4.10 117.25  0.0000  0.8800       2.383       2.136       2.071
-----------------------------------------------------------------------------------------



   t (Gyr) =  4.000
-----------------------------------------------------------------------------------------
    M/MsTeff(K)    L/Ls  lg(g)  R(Gcm       D      Li           J           H           K
-----------------------------------------------------------------------------------------
  0.0700  1631.   -4.29   5.37   6.29  0.0000  0.0000      14.127      12.893      12.053
  0.0720  1790.   -4.12   5.37   6.38  0.0000  0.0000      13.254      12.279      11.658
  0.0900  2644.   -3.25   5.28   7.90  0.0000  0.0000      10.754      10.168       9.881
  0.1000  2811.   -3.06   5.24   8.72  0.0000  0.0000      10.339       9.746       9.459
  0.2000  3262.   -2.32   5.06  15.25  0.0000  0.0000       8.656       8.062       7.808
  0.3000  3416.   -1.97   4.96  20.84  0.0000  0.0000       7.839       7.234       6.990
  0.4000  3520.   -1.71   4.88  26.40  0.0000  0.0000       7.228       6.610       6.372
  0.5000  3680.   -1.45   4.79  32.65  0.0000  0.0000       6.623       5.980       5.756
  0.6000  3979.   -1.15   4.71  39.33  0.0000  0.0000       5.987       5.301       5.117
  0.7000  4418.   -0.85   4.66  45.31  0.0000  0.0000       5.348       4.699       4.569
  0.8000  4878.   -0.56   4.60  51.65  0.0000  0.0003       4.766       4.250       4.147
  0.9000  5297.   -0.29   4.53  59.62  0.0000  0.0677       4.227       3.815       3.729
  1.0000  5697.   -0.03   4.44  69.72  0.0000  0.3060       3.702       3.370       3.297
  1.1000  5996.    0.23   4.31  84.48  0.0000  0.5740       3.162       2.885       2.816
  1.2000  6053.    0.43   4.16 104.58  0.0000  0.7700       2.678       2.410       2.343
-----------------------------------------------------------------------------------------



   t (Gyr) =  5.000
-----------------------------------------------------------------------------------------
    M/MsTeff(K)    L/Ls  lg(g)  R(Gcm       D      Li           J           H           K
-----------------------------------------------------------------------------------------
  0.0700  1627.   -4.30   5.37   6.28  0.0000  0.0000      14.148      12.909      12.063
  0.0720  1790.   -4.12   5.37   6.38  0.0000  0.0000      13.260      12.283      11.660
  0.0900  2644.   -3.25   5.28   7.90  0.0000  0.0000      10.753      10.167       9.880
  0.1000  2811.   -3.06   5.24   8.72  0.0000  0.0000      10.339       9.746       9.459
  0.2000  3262.   -2.32   5.06  15.27  0.0000  0.0000       8.652       8.058       7.804
  0.3000  3416.   -1.96   4.96  20.97  0.0000  0.0000       7.826       7.220       6.976
  0.4000  3521.   -1.71   4.88  26.47  0.0000  0.0000       7.222       6.604       6.366
  0.5000  3682.   -1.44   4.79  32.73  0.0000  0.0000       6.617       5.973       5.749
  0.6000  3984.   -1.15   4.71  39.44  0.0000  0.0000       5.977       5.290       5.107
  0.7000  4430.   -0.84   4.65  45.49  0.0000  0.0000       5.331       4.685       4.556
  0.8000  4896.   -0.55   4.59  52.05  0.0000  0.0002       4.739       4.228       4.126
  0.9000  5325.   -0.27   4.51  60.57  0.0000  0.0660       4.179       3.773       3.688
  1.0000  5732.    0.01   4.41  72.09  0.0000  0.3060       3.614       3.289       3.217
  1.1000  5971.    0.27   4.26  89.89  0.0000  0.5740       3.037       2.756       2.688
-----------------------------------------------------------------------------------------



   t (Gyr) =  6.000
-----------------------------------------------------------------------------------------
    M/MsTeff(K)    L/Ls  lg(g)  R(Gcm       D      Li           J           H           K
-----------------------------------------------------------------------------------------
  0.0700  1626.   -4.30   5.37   6.28  0.0000  0.0000      14.151      12.912      12.065
  0.0720  1789.   -4.12   5.37   6.38  0.0000  0.0000      13.261      12.284      11.660
  0.0900  2645.   -3.25   5.28   7.90  0.0000  0.0000      10.753      10.166       9.879
  0.1000  2811.   -3.06   5.24   8.73  0.0000  0.0000      10.338       9.745       9.458
  0.2000  3263.   -2.31   5.05  15.30  0.0000  0.0000       8.648       8.054       7.800
  0.3000  3416.   -1.96   4.95  21.07  0.0000  0.0000       7.815       7.209       6.965
  0.4000  3521.   -1.70   4.88  26.52  0.0000  0.0000       7.218       6.599       6.362
  0.5000  3683.   -1.44   4.79  32.80  0.0000  0.0000       6.611       5.967       5.743
  0.6000  3990.   -1.14   4.71  39.54  0.0000  0.0000       5.967       5.280       5.098
  0.7000  4442.   -0.83   4.65  45.66  0.0000  0.0000       5.315       4.671       4.543
  0.8000  4916.   -0.53   4.59  52.47  0.0000  0.0001       4.710       4.204       4.103
  0.9000  5355.   -0.24   4.50  61.58  0.0000  0.0647       4.129       3.729       3.646
  1.0000  5764.    0.05   4.37  75.02  0.0000  0.3060       3.514       3.195       3.124
  1.1000  5847.    0.30   4.19  96.57  0.0000  0.5740       2.931       2.629       2.559
-----------------------------------------------------------------------------------------



   t (Gyr) =  7.000
-----------------------------------------------------------------------------------------
    M/MsTeff(K)    L/Ls  lg(g)  R(Gcm       D      Li           J           H           K
-----------------------------------------------------------------------------------------
  0.0700  1626.   -4.30   5.37   6.28  0.0000  0.0000      14.152      12.912      12.065
  0.0720  1789.   -4.12   5.37   6.38  0.0000  0.0000      13.261      12.284      11.660
  0.0900  2645.   -3.25   5.28   7.90  0.0000  0.0000      10.752      10.166       9.879
  0.1000  2811.   -3.06   5.24   8.73  0.0000  0.0000      10.338       9.745       9.457
  0.2000  3263.   -2.31   5.05  15.33  0.0000  0.0000       8.644       8.049       7.795
  0.3000  3416.   -1.95   4.95  21.16  0.0000  0.0000       7.805       7.199       6.956
  0.4000  3522.   -1.70   4.88  26.57  0.0000  0.0000       7.214       6.595       6.357
  0.5000  3685.   -1.44   4.79  32.86  0.0000  0.0000       6.605       5.961       5.737
  0.6000  3995.   -1.14   4.70  39.64  0.0000  0.0000       5.957       5.269       5.088
  0.7000  4455.   -0.82   4.65  45.85  0.0000  0.0000       5.297       4.657       4.530
  0.8000  4937.   -0.52   4.58  52.91  0.0000  0.0001       4.679       4.180       4.079
  0.9000  5387.   -0.22   4.48  62.76  0.0000  0.0639       4.072       3.679       3.597
  1.0000  5783.    0.10   4.33  78.82  0.0000  0.3060       3.399       3.084       3.013
-----------------------------------------------------------------------------------------



   t (Gyr) =  8.000
-----------------------------------------------------------------------------------------
    M/MsTeff(K)    L/Ls  lg(g)  R(Gcm       D      Li           J           H           K
-----------------------------------------------------------------------------------------
  0.0700  1626.   -4.30   5.37   6.28  0.0000  0.0000      14.152      12.913      12.065
  0.0720  1789.   -4.12   5.37   6.38  0.0000  0.0000      13.261      12.284      11.660
  0.0900  2645.   -3.25   5.28   7.90  0.0000  0.0000      10.751      10.165       9.878
  0.1000  2812.   -3.06   5.24   8.73  0.0000  0.0000      10.337       9.744       9.457
  0.2000  3264.   -2.31   5.05  15.36  0.0000  0.0000       8.639       8.045       7.790
  0.3000  3416.   -1.95   4.95  21.24  0.0000  0.0000       7.797       7.191       6.948
  0.4000  3522.   -1.70   4.87  26.60  0.0000  0.0000       7.210       6.591       6.354
  0.5000  3686.   -1.44   4.79  32.93  0.0000  0.0000       6.600       5.955       5.732
  0.6000  4001.   -1.13   4.70  39.74  0.0000  0.0000       5.947       5.258       5.078
  0.7000  4467.   -0.81   4.64  46.04  0.0000  0.0000       5.280       4.643       4.517
  0.8000  4958.   -0.50   4.57  53.38  0.0000  0.0000       4.648       4.154       4.055
  0.9000  5420.   -0.19   4.46  64.08  0.0000  0.0632       4.011       3.625       3.544
  1.0000  5772.    0.15   4.28  83.22  0.0000  0.3060       3.286       2.969       2.898
-----------------------------------------------------------------------------------------



   t (Gyr) =  9.000
-----------------------------------------------------------------------------------------
    M/MsTeff(K)    L/Ls  lg(g)  R(Gcm       D      Li           J           H           K
-----------------------------------------------------------------------------------------
  0.0700  1626.   -4.30   5.37   6.28  0.0000  0.0000      14.152      12.912      12.065
  0.0720  1790.   -4.12   5.37   6.38  0.0000  0.0000      13.260      12.283      11.660
  0.0900  2646.   -3.25   5.28   7.90  0.0000  0.0000      10.750      10.165       9.878
  0.1000  2812.   -3.06   5.24   8.73  0.0000  0.0000      10.337       9.744       9.456
  0.2000  3264.   -2.31   5.05  15.39  0.0000  0.0000       8.634       8.040       7.786
  0.3000  3416.   -1.95   4.94  21.30  0.0000  0.0000       7.790       7.184       6.940
  0.4000  3523.   -1.70   4.87  26.64  0.0000  0.0000       7.206       6.587       6.350
  0.5000  3688.   -1.43   4.78  32.99  0.0000  0.0000       6.595       5.949       5.726
  0.6000  4007.   -1.13   4.70  39.83  0.0000  0.0000       5.937       5.248       5.069
  0.7000  4480.   -0.80   4.64  46.23  0.0000  0.0000       5.262       4.629       4.504
  0.8000  4980.   -0.49   4.56  53.89  0.0000  0.0000       4.614       4.127       4.028
  0.9000  5456.   -0.16   4.44  65.69  0.0000  0.0628       3.940       3.562       3.481
-----------------------------------------------------------------------------------------



   t (Gyr) = 10.000
-----------------------------------------------------------------------------------------
    M/MsTeff(K)    L/Ls  lg(g)  R(Gcm       D      Li           J           H           K
-----------------------------------------------------------------------------------------
  0.0700  1626.   -4.30   5.37   6.28  0.0000  0.0000      14.151      12.912      12.065
  0.0720  1790.   -4.12   5.37   6.38  0.0000  0.0000      13.259      12.283      11.660
  0.0900  2646.   -3.25   5.28   7.90  0.0000  0.0000      10.750      10.164       9.877
  0.1000  2812.   -3.06   5.24   8.73  0.0000  0.0000      10.336       9.743       9.456
  0.2000  3265.   -2.31   5.05  15.42  0.0000  0.0000       8.629       8.035       7.781
  0.3000  3416.   -1.95   4.94  21.36  0.0000  0.0000       7.784       7.178       6.934
  0.4000  3524.   -1.70   4.87  26.67  0.0000  0.0000       7.203       6.584       6.347
  0.5000  3689.   -1.43   4.78  33.05  0.0000  0.0000       6.589       5.944       5.721
  0.6000  4013.   -1.12   4.70  39.92  0.0000  0.0000       5.926       5.237       5.059
  0.7000  4493.   -0.79   4.63  46.43  0.0000  0.0000       5.244       4.614       4.490
  0.8000  5002.   -0.47   4.55  54.44  0.0000  0.0000       4.580       4.098       4.000
  0.9000  5495.   -0.12   4.42  67.60  0.0000  0.0626       3.860       3.490       3.410
-----------------------------------------------------------------------------------------
